505,89
2,15
2,14
2,13
2,12
2,11
2,10
2,8
2,7
2,6
2,5
2,4
2,2
1,7
1,6
1,5
1,4
1,2
0,506
0,505
0,502
0,499
0,497
0,488
0,478
0,473
0,472
0,464
0,463
0,460
0,458
0,457
0,456
0,454
0,451
0,449
0,448
0,447
0,445
0,443
0,442
0,435
0,428
0,411
0,409
0,408
0,402
0,399
0,391
0,386
0,383
0,380
0,378
0,377
0,375
0,374
0,371
0,370
0,366
0,365
0,363
0,360
0,357
0,356
0,348
0,347
0,346
0,343
0,341
0,340
0,339
0,336
0,335
0,331
0,328
0,327
0,323
0,322
0,320
0,243
1,1
1,8
1,3
1,0
505,152
505,1
505,3
0,393
0,368
505,0
0,353
2,1
2,9
2,3
2,0
0,337
0,9
0,422
0,310
0,305
0,369
0,359
0,344
0,479
0,459
0,455
0,450
0,446
0,431
0,465
0,492
0,453
0,417
0,462
0,461
0,354
0,308
0,304
0,303
0,302
0,307
0,444
0,12
0,373
0,10
0,477
0,8
0,0
0,330
0,300
0,403
0,299
0,342
0,298
0,325
0,297
0,469
0,296
0,396
0,295
0,412
0,294
0,395
0,293
0,317
0,292
0,313
0,291
0,410
0,290
0,504
0,289
0,503
0,288
0,400
0,287
0,401
0,286
0,309
0,285
0,466
0,284
0,500
0,283
0,315
0,282
0,491
0,281
0,452
0,280
0,494
0,279
0,433
0,278
2,16
2,17
2,19
2,20
2,22
2,23
2,25
2,27
2,28
2,30
2,31
2,33
2,35
2,64
2,66
2,67
2,69
2,70
2,72
2,74
2,75
2,77
2,78
2,80
2,82
2,83
2,85
2,86
2,88
2,89
2,91
2,93
2,94
2,96
2,97
2,99
2,101
2,102
2,104
2,105
2,107
2,108
2,110
2,112
2,113
2,115
2,116
2,118
2,120
2,121
2,123
2,124
2,126
2,128
2,129
2,131
2,132
3,1
3,2
3,4
3,6
4,0
4,2
4,3
24,1
24,3
24,4
24,6
24,7
24,9
25,0
25,2
25,4
25,5
25,7
25,8
25,10
25,12
25,13
25,15
25,16
25,18
25,19
25,21
25,23
25,24
25,26
26,0
26,2
26,4
26,5
26,7
26,8
26,10
26,12
26,13
26,15
26,16
26,18
26,19
26,21
26,23
26,24
26,26
26,27
26,29
26,31
26,32
27,1
27,2
27,4
27,5
27,7
27,9
27,10
27,12
27,13
27,15
27,17
27,18
27,20
27,21
27,23
27,24
28,0
28,2
28,3
28,5
28,6
28,8
29,1
29,2
29,4
30,0
30,2
30,3
30,5
31,0
31,1
31,3
31,4
32,1
32,3
32,4
32,6
32,7
33,0
33,2
33,3
33,5
33,6
34,0
34,1
34,3
34,5
34,6
35,1
35,2
35,4
35,6
35,7
36,1
36,2
36,4
36,5
36,7
36,9
37,0
37,2
37,3
37,5
38,1
38,2
38,4
39,0
39,2
39,3
40,0
40,2
40,3
40,5
41,0
41,2
41,4
41,5
42,1
42,2
42,4
43,0
43,1
43,3
43,4
43,6
43,7
43,9
43,11
43,12
43,14
43,15
44,1
44,3
44,4
45,1
45,2
45,4
45,5
45,7
46,0
46,1
46,3
47,0
47,2
47,4
48,0
48,2
48,3
48,5
48,6
49,1
49,3
49,4
49,6
49,7
50,1
50,3
50,4
50,6
51,0
51,2
51,3
51,5
51,7
52,0
52,2
52,3
52,5
53,1
53,2
53,4
53,5
54,1
54,3
54,4
54,6
55,0
55,2
55,3
55,5
56,1
56,2
56,4
56,5
57,0
57,2
57,3
57,5
57,6
58,1
58,2
58,4
58,6
59,0
59,2
59,3
60,0
60,2
60,3
61,0
61,1
61,3
61,4
61,6
61,8
62,0
62,2
62,3
62,5
62,7
62,8
62,10
62,11
62,13
62,15
62,16
62,18
63,0
63,2
63,3
63,5
64,1
64,2
64,4
64,5
65,0
65,2
65,3
66,0
66,1
66,3
66,4
67,0
67,2
67,3
67,5
67,6
67,8
68,0
68,1
68,3
68,4
68,6
69,0
69,2
69,4
69,5
70,0
70,1
70,3
70,5
70,6
71,1
71,2
71,4
71,6
71,7
72,1
72,2
72,4
72,5
72,7
73,1
73,2
73,4
73,5
73,7
74,1
74,2
74,4
74,5
74,7
74,8
74,10
75,1
75,2
75,4
75,5
76,1
76,3
76,4
76,6
77,0
77,2
77,3
78,1
78,3
78,4
78,6
78,7
78,9
78,11
79,0
79,2
79,3
79,5
79,6
80,1
80,3
80,4
80,6
81,0
81,2
81,4
81,5
82,0
82,1
82,3
82,5
82,6
83,1
83,2
83,4
83,5
83,7
83,9
83,10
84,1
84,2
84,4
84,6
84,7
84,9
84,10
84,12
84,13
84,15
84,17
84,18
84,20
84,21
84,23
84,25
84,26
84,28
84,29
84,31
84,32
84,34
84,36
84,37
84,39
84,40
84,42
85,1
85,2
85,4
85,5
86,0
86,2
86,3
86,5
87,0
87,2
87,3
88,1
88,3
89,0
89,2
89,3
90,0
90,2
90,3
90,5
90,6
91,0
91,1
91,3
91,5
91,6
92,0
92,1
92,3
92,5
92,6
93,1
93,2
93,4
93,5
94,1
94,3
94,4
94,6
95,0
95,2
95,4
95,5
96,0
96,1
96,3
96,4
97,1
97,3
97,4
98,1
98,2
98,4
99,1
99,2
99,4
99,5
99,7
100,1
100,2
100,4
100,5
101,0
101,1
101,3
102,0
102,1
102,3
102,4
103,1
103,3
103,4
104,1
104,2
104,4
105,0
105,2
106,0
106,1
106,3
106,4
107,0
107,2
107,3
108,0
108,1
108,3
108,4
109,1
109,3
109,4
110,1
110,2
111,0
111,2
111,3
112,1
112,2
112,4
113,1
113,2
113,4
114,0
114,2
114,3
114,5
115,0
115,1
115,3
115,4
116,1
116,3
116,4
117,1
117,2
117,4
118,0
118,2
118,4
118,5
119,1
119,2
119,4
119,6
119,7
120,1
120,2
120,4
120,5
121,0
121,2
121,3
121,5
122,0
122,2
122,4
122,5
122,7
122,8
122,10
122,11
123,0
123,2
123,3
123,5
123,6
123,8
124,0
124,1
124,3
124,4
124,6
124,8
124,9
125,1
125,2
125,4
125,5
125,7
125,9
126,0
126,2
126,3
126,5
126,7
126,8
126,10
126,11
127,1
127,2
127,4
127,6
127,7
127,9
127,10
127,12
128,1
128,2
128,4
129,0
129,2
129,3
129,5
129,7
130,0
130,2
130,3
131,1
131,3
131,4
132,0
132,1
132,3
132,5
132,6
133,0
133,1
133,3
133,4
134,1
134,3
134,4
134,6
134,7
135,1
135,3
135,4
136,0
136,1
136,3
136,4
137,0
137,2
137,3
137,5
137,6
138,1
138,3
138,4
139,0
139,1
139,3
139,4
140,1
140,3
140,4
140,6
141,0
141,2
141,4
141,5
142,1
142,2
142,4
143,1
143,2
143,4
143,5
144,1
144,2
144,4
145,0
145,1
145,3
146,0
146,2
146,4
146,5
147,1
147,2
147,4
147,5
148,1
148,3
148,4
148,6
149,0
149,2
149,4
149,5
150,1
150,2
150,4
151,0
151,2
152,0
152,1
152,3
152,4
152,6
152,8
152,9
152,11
152,12
152,14
152,15
152,17
152,19
152,20
152,22
152,23
152,25
152,27
152,28
152,30
152,31
152,33
152,35
152,36
152,38
152,39
152,41
153,0
153,2
153,4
153,5
154,1
154,2
154,4
154,6
155,0
155,2
155,3
156,1
156,2
156,4
157,0
157,1
157,3
158,0
158,2
158,4
159,0
159,2
159,3
160,0
160,1
160,3
160,5
160,6
161,1
161,2
161,4
161,6
162,0
162,2
162,3
162,5
163,1
163,2
163,4
164,0
164,2
164,3
164,5
164,7
164,8
164,10
164,11
164,13
165,0
165,1
165,3
165,4
165,6
165,7
166,1
166,3
166,4
167,0
167,1
167,3
167,5
167,6
167,8
167,9
168,1
168,2
168,4
169,0
169,1
169,3
169,4
170,1
170,3
170,4
170,6
170,7
171,1
171,2
172,0
172,2
172,3
173,1
173,2
173,4
173,6
173,7
174,1
174,2
174,4
175,0
175,1
175,3
175,4
175,6
176,0
176,2
176,4
176,5
177,1
177,2
177,4
178,0
178,1
178,3
178,4
178,6
178,7
179,1
179,3
179,4
180,0
180,1
180,3
180,5
181,0
181,2
181,3
181,5
181,6
182,0
182,2
182,3
182,5
182,6
183,1
183,3
183,4
184,1
184,2
184,4
184,6
185,0
185,2
185,3
185,5
185,6
186,1
186,3
186,4
187,1
187,2
187,4
187,6
187,7
188,1
188,2
188,4
188,5
189,0
189,2
189,3
189,5
189,6
190,0
190,2
190,3
191,0
191,1
191,3
191,4
192,0
192,2
192,3
193,0
193,1
193,3
193,5
193,6
194,1
194,2
194,4
194,5
195,0
195,2
195,3
195,5
195,6
196,1
196,3
196,4
197,1
197,2
197,4
197,6
198,0
198,2
198,3
199,0
199,1
199,3
199,5
199,6
200,1
200,2
200,4
200,6
201,0
201,2
201,3
202,0
202,1
202,3
202,5
203,0
203,2
203,3
204,0
204,2
204,3
204,5
204,6
205,0
205,1
205,3
205,5
206,0
206,2
206,3
206,5
206,7
207,0
207,2
207,3
207,5
207,7
207,8
208,1
208,2
208,4
208,5
208,7
209,1
209,2
209,4
209,5
210,1
210,3
210,4
210,6
211,0
211,2
211,3
211,5
212,0
212,1
212,3
212,4
212,6
213,1
213,2
213,4
213,5
214,1
214,2
214,4
215,0
215,1
215,3
215,4
216,0
216,2
216,3
216,5
217,0
217,2
217,4
217,5
217,7
218,0
218,2
218,3
218,5
219,1
219,2
219,4
219,5
220,0
220,2
220,3
220,5
220,6
220,8
221,0
221,2
221,4
221,5
222,1
222,2
223,0
223,2
223,3
223,5
224,0
224,2
224,3
224,5
225,0
225,1
225,3
225,4
225,6
226,1
226,2
226,4
226,5
227,1
227,2
227,4
228,0
228,1
228,3
228,4
228,6
229,1
229,2
229,4
229,5
230,1
230,3
230,4
231,0
231,1
231,3
231,4
231,6
232,1
232,2
232,4
232,5
233,1
233,3
233,4
233,6
234,0
234,2
234,3
234,5
235,1
235,2
235,4
235,5
236,0
236,2
236,3
236,5
237,0
237,2
237,3
237,5
238,0
238,1
238,3
238,4
239,0
239,2
239,3
239,5
240,0
240,2
240,4
240,5
240,7
240,8
241,0
241,1
241,3
242,0
242,1
242,3
242,4
243,0
243,2
243,3
243,5
244,0
244,2
244,3
244,5
245,1
245,2
245,4
246,0
246,2
246,4
246,5
246,7
246,8
247,1
247,2
247,4
248,1
248,2
248,4
249,0
249,2
249,4
249,5
249,7
250,0
250,2
250,3
251,0
251,2
251,3
251,5
251,6
252,1
252,3
252,4
252,6
253,0
253,2
253,4
253,5
254,0
254,1
254,3
254,4
254,6
255,1
255,2
255,4
255,5
256,0
256,2
256,3
256,5
256,6
257,0
257,1
257,3
258,1
258,2
258,4
259,0
259,2
259,4
260,0
260,2
260,3
261,0
261,1
261,3
261,5
262,0
262,2
262,3
262,5
263,1
263,2
263,4
264,0
264,2
264,4
265,0
265,2
265,3
265,5
266,0
266,2
266,4
266,5
267,1
267,2
267,4
268,1
268,2
268,4
269,0
269,2
269,3
270,0
270,2
270,3
270,5
270,6
271,1
271,3
271,4
272,1
272,2
272,4
273,0
273,2
273,4
274,0
274,2
274,3
275,0
275,2
275,3
276,0
276,1
276,3
276,4
277,1
277,3
277,4
278,1
278,2
278,4
279,1
279,2
279,4
280,0
280,2
280,4
281,0
281,2
281,3
282,0
282,1
282,3
283,0
283,1
283,3
283,4
284,1
284,3
284,4
285,0
285,1
285,3
285,4
286,1
286,3
286,4
287,0
287,1
287,3
288,0
288,1
288,3
288,4
289,1
289,2
289,4
290,1
290,2
290,4
290,5
291,1
291,3
291,4
291,6
291,7
292,0
292,2
292,3
292,5
292,6
293,0
293,1
293,3
293,5
293,6
294,0
294,1
294,3
294,5
295,0
295,2
295,3
295,5
295,6
296,1
296,3
296,4
296,6
297,0
297,2
297,4
298,0
298,2
298,3
298,5
298,6
299,0
299,2
299,3
299,5
300,0
300,2
301,0
301,1
301,3
301,4
301,6
302,0
302,1
302,3
302,4
302,6
302,7
303,1
303,3
303,4
304,1
304,2
304,4
305,1
305,2
305,4
306,0
306,2
306,3
306,5
306,7
307,0
307,2
307,3
307,5
307,7
308,0
308,2
308,3
308,5
308,6
308,8
309,1
309,2
309,4
310,0
310,2
310,4
311,0
311,2
311,3
311,5
311,6
312,1
312,3
312,4
313,1
313,2
313,4
314,0
314,1
314,3
314,4
315,0
315,2
315,3
315,5
316,0
316,2
316,3
317,0
317,2
317,3
318,0
318,1
318,3
318,5
319,0
319,2
319,3
319,5
319,6
320,1
320,3
320,4
321,0
321,1
321,3
321,5
321,6
322,1
322,2
322,4
322,5
323,0
323,2
323,3
323,5
324,0
324,2
324,4
325,0
325,2
325,3
326,0
326,2
326,3
326,5
326,6
327,0
327,1
327,3
327,5
327,6
327,8
327,9
328,1
328,3
328,4
328,6
329,0
329,2
329,3
329,5
330,0
330,1
330,3
330,4
330,6
331,1
331,2
331,4
331,5
331,7
332,0
332,2
332,4
333,0
333,2
333,3
333,5
333,7
334,0
334,2
334,3
334,5
334,6
335,1
335,3
335,4
336,1
336,2
336,4
336,6
337,0
337,2
337,3
338,0
338,2
338,3
339,0
339,1
339,3
339,4
340,0
340,2
340,3
341,1
341,2
341,4
342,1
342,2
342,4
342,5
342,7
342,8
343,1
343,3
343,4
344,0
344,1
344,3
345,0
345,1
345,3
345,4
346,1
346,2
346,4
347,1
347,2
347,4
348,0
348,2
348,4
348,5
349,1
349,2
349,4
349,6
349,7
350,1
350,2
350,4
350,5
351,1
351,3
351,4
352,0
352,1
352,3
352,5
352,6
353,1
353,2
353,4
353,5
354,0
354,2
354,3
355,0
355,1
355,3
356,0
356,1
356,3
356,4
356,6
357,0
357,2
357,4
358,0
358,2
358,3
358,5
358,7
359,0
359,2
359,3
360,0
360,1
360,3
360,5
361,0
361,2
361,3
362,0
362,2
362,3
363,0
363,1
363,3
363,5
364,0
364,2
364,3
364,5
365,0
365,2
365,4
366,0
366,2
366,3
366,5
367,0
367,1
367,3
367,4
367,6
367,7
368,0
368,2
368,3
368,5
369,0
369,2
369,4
370,0
370,2
370,3
371,0
371,1
371,3
371,5
372,0
372,2
372,3
373,0
373,2
373,3
374,0
374,1
374,3
375,0
375,1
375,3
375,4
375,6
375,7
376,1
376,3
376,4
377,0
377,1
377,3
377,5
377,6
378,1
378,2
378,4
378,5
379,1
379,3
379,4
379,6
380,0
380,2
380,4
380,5
381,1
381,2
381,4
381,5
382,0
382,2
382,3
382,5
383,0
383,2
383,4
384,0
384,2
384,3
385,1
385,3
385,4
385,6
386,0
386,2
386,3
386,5
387,1
387,2
387,4
388,0
388,2
388,4
389,0
389,2
389,3
389,5
390,0
390,2
390,4
390,5
391,1
391,2
391,4
392,1
392,2
392,4
393,0
393,2
393,3
393,5
394,1
394,2
395,0
395,1
395,3
396,0
396,1
396,3
396,4
396,6
397,0
397,2
397,4
397,5
398,0
398,1
398,3
398,5
399,0
399,2
399,3
399,5
400,0
400,1
400,3
400,4
401,0
401,1
401,3
401,5
401,6
401,8
402,0
402,2
402,4
402,5
403,0
403,1
403,3
403,4
403,6
404,1
404,2
404,4
404,5
405,0
405,2
405,3
406,0
406,1
406,3
406,4
407,0
407,2
407,3
408,0
408,1
408,3
409,0
409,1
409,3
409,4
409,6
410,1
410,2
410,4
410,5
411,1
411,2
411,4
412,1
412,2
412,4
412,5
413,1
413,3
413,4
413,6
414,0
414,2
414,3
414,5
415,1
415,2
415,4
415,5
416,0
416,2
416,3
416,5
417,0
417,2
417,3
417,5
418,0
418,1
418,3
418,4
418,6
418,8
419,0
419,2
419,3
420,0
420,1
420,3
420,5
420,6
421,1
421,2
421,4
422,0
422,1
422,3
422,4
423,1
423,3
423,4
424,1
424,2
424,4
424,5
424,7
425,1
425,2
426,0
426,1
426,3
427,0
427,1
427,3
427,4
428,1
428,2
428,4
428,6
429,0
429,2
429,3
430,0
430,2
430,3
431,0
431,1
431,3
431,4
432,1
432,3
432,4
432,6
432,7
433,1
433,3
433,4
434,1
434,2
434,4
435,0
435,1
435,3
435,4
436,1
436,2
436,4
438,0
438,1
438,3
438,4
438,6
438,8
438,9
439,1
439,2
440,0
440,1
440,3
441,1
441,2
442,0
442,1
442,3
443,1
443,2
444,0
444,1
444,3
445,0
445,2
446,0
446,1
446,3
447,0
447,2
448,0
448,1
448,3
449,0
449,2
449,3
450,1
450,3
450,4
450,6
451,0
451,2
451,4
452,0
452,2
452,3
452,5
452,7
452,8
452,10
452,11
453,1
453,2
453,4
453,6
454,0
454,2
454,3
454,5
455,0
455,1
455,3
455,4
456,1
456,2
456,4
457,0
457,1
457,3
457,4
457,6
458,1
458,2
458,4
458,5
459,1
459,2
459,4
460,0
460,1
460,3
460,4
461,1
461,3
461,4
462,0
462,1
462,3
463,1
463,2
463,4
463,5
463,7
464,0
464,2
465,0
465,1
465,3
466,0
466,2
466,4
466,5
467,0
467,1
467,3
467,4
467,6
468,1
468,2
468,4
469,0
469,2
469,4
469,5
469,7
470,0
470,2
470,3
470,5
471,1
471,2
471,4
471,5
472,1
472,3
472,4
473,0
473,1
473,3
473,5
473,6
474,1
474,2
474,4
475,0
475,2
475,4
475,5
476,1
476,2
476,4
476,6
476,7
477,1
477,2
477,4
477,5
478,1
478,3
478,4
479,0
479,1
479,3
480,1
480,2
480,4
480,5
481,1
481,2
481,4
482,1
482,2
482,4
482,5
483,1
483,3
483,4
484,0
484,1
484,3
484,4
485,0
485,2
485,3
485,5
486,0
486,2
486,4
486,5
487,1
487,2
487,4
488,1
488,2
488,4
488,5
489,1
489,2
489,4
490,0
490,1
490,3
490,4
491,0
491,2
491,3
492,0
492,1
492,3
493,0
493,2
493,4
493,5
493,7
494,0
494,2
494,4
495,0
495,2
495,3
496,0
496,1
496,3
497,0
497,1
497,3
497,4
498,1
498,3
498,4
499,0
499,1
499,3
500,0
500,1
500,3
500,4
501,1
501,2
501,4
502,1
502,2
502,4
503,0
503,2
503,4
504,0
504,2
504,3
505,2
505,4
505,6
505,8
505,9
505,11
505,12
505,14
505,16
505,17
505,19
505,20
505,22
505,23
505,25
505,27
505,28
505,30
505,31
505,33
505,35
505,36
505,38
505,39
505,41
505,42
505,44
505,46
505,47
505,49
505,50
505,52
505,54
505,55
505,57
505,58
505,60
505,62
505,63
505,65
505,66
505,68
505,69
505,71
505,73
505,74
505,76
505,77
505,79
505,81
505,82
505,84
505,85
505,87
505,88
505,90
505,92
505,93
505,95
505,96
505,98
505,100
505,101
505,129
505,130
505,132
505,133
505,135
505,137
505,138
505,140
505,141
505,143
505,145
505,146
505,148
505,149
505,151
506,1
506,2
506,4
507,0
507,2
507,3
507,5
508,1
508,2
508,4
509,0
509,2
509,4
509,5
509,3
509,1
508,3
508,0
507,4
507,1
506,3
506,0
505,150
505,147
505,144
505,142
505,139
505,136
505,134
505,131
505,128
505,99
505,97
505,94
505,91
505,86
505,83
505,80
505,78
505,75
505,72
505,70
505,67
505,64
505,61
505,59
505,56
505,53
505,51
505,48
505,45
505,43
505,40
505,37
505,34
505,32
505,29
505,26
505,24
505,21
505,18
505,15
505,13
505,10
505,7
505,5
504,4
504,1
503,3
503,1
502,3
502,0
501,3
501,0
500,2
499,4
499,2
498,5
498,2
498,0
497,2
496,4
496,2
495,4
495,1
494,3
494,1
493,6
493,3
493,1
492,2
491,4
491,1
490,5
490,2
489,5
489,3
489,0
488,3
488,0
487,3
487,0
486,3
486,1
485,4
485,1
484,5
484,2
483,5
483,2
483,0
482,3
482,0
481,3
481,0
480,3
480,0
479,2
478,5
478,2
478,0
477,3
477,0
476,5
476,3
476,0
475,3
475,1
474,3
474,0
473,4
473,2
472,5
472,2
472,0
471,3
471,0
470,4
470,1
469,6
469,3
469,1
468,3
468,0
467,5
467,2
466,6
466,3
466,1
465,2
464,3
464,1
463,6
463,3
463,0
462,2
461,5
461,2
461,0
460,2
459,5
459,3
459,0
458,3
458,0
457,5
457,2
456,5
456,3
456,0
455,2
454,6
454,4
454,1
453,5
453,3
453,0
452,9
452,6
452,4
452,1
451,3
451,1
450,5
450,2
450,0
449,1
448,2
447,3
447,1
446,2
445,3
445,1
444,2
443,3
443,0
442,2
441,3
441,0
440,2
439,3
439,0
438,7
438,5
438,2
436,5
436,3
436,0
435,2
434,5
434,3
434,0
433,2
433,0
432,5
432,2
432,0
431,2
430,4
430,1
429,4
429,1
428,5
428,3
428,0
427,2
426,4
426,2
425,3
425,0
424,6
424,3
424,0
423,2
423,0
422,2
421,5
421,3
421,0
420,4
420,2
419,4
419,1
418,7
418,5
418,2
417,6
417,4
417,1
416,4
416,1
415,6
415,3
415,0
414,4
414,1
413,5
413,2
413,0
412,3
412,0
411,3
411,0
410,3
410,0
409,5
409,2
408,4
408,2
407,4
407,1
406,5
406,2
405,4
405,1
404,6
404,3
404,0
403,5
403,2
402,6
402,3
402,1
401,7
401,4
401,2
400,5
400,2
399,6
399,4
399,1
398,4
398,2
397,6
397,3
397,1
396,5
396,2
395,4
395,2
394,3
394,0
393,4
393,1
392,3
392,0
391,3
391,0
390,3
390,1
389,4
389,1
388,3
388,1
387,3
387,0
386,4
386,1
385,5
385,2
385,0
384,1
383,3
383,1
382,4
382,1
381,6
381,3
381,0
380,3
380,1
379,5
379,2
379,0
378,3
378,0
377,4
377,2
376,5
376,2
376,0
375,5
375,2
374,4
374,2
373,4
373,1
372,4
372,1
371,4
371,2
370,4
370,1
369,3
369,1
368,4
368,1
367,8
367,5
367,2
366,6
366,4
366,1
365,3
365,1
364,4
364,1
363,4
363,2
362,4
362,1
361,4
361,1
360,4
360,2
359,4
359,1
358,6
358,4
358,1
357,3
357,1
356,5
356,2
355,4
355,2
354,4
354,1
353,6
353,3
353,0
352,4
352,2
351,5
351,2
351,0
350,3
350,0
349,5
349,3
349,0
348,3
348,1
347,3
347,0
346,3
346,0
345,2
344,4
344,2
343,5
343,2
343,0
342,6
342,3
342,0
341,3
341,0
340,1
339,5
339,2
338,4
338,1
337,4
337,1
336,5
336,3
336,0
335,2
335,0
334,4
334,1
333,6
333,4
333,1
332,3
332,1
331,6
331,3
331,0
330,5
330,2
329,6
329,4
329,1
328,5
328,2
328,0
327,7
327,4
327,2
326,7
326,4
326,1
325,4
325,1
324,3
324,1
323,4
323,1
322,6
322,3
322,0
321,4
321,2
320,5
320,2
320,0
319,4
319,1
318,4
318,2
317,4
317,1
316,4
316,1
315,4
315,1
314,5
314,2
313,5
313,3
313,0
312,2
312,0
311,4
311,1
310,3
310,1
309,3
309,0
308,7
308,4
308,1
307,6
307,4
307,1
306,6
306,4
306,1
305,3
305,0
304,3
304,0
303,2
303,0
302,5
302,2
301,7
301,5
301,2
300,3
300,1
299,4
299,1
298,7
298,4
298,1
297,3
297,1
296,5
296,2
296,0
295,4
295,1
294,4
294,2
293,7
293,4
293,2
292,7
292,4
292,1
291,8
291,5
291,2
291,0
290,3
290,0
289,3
289,0
288,2
287,4
287,2
286,5
286,2
286,0
285,2
284,5
284,2
284,0
283,2
282,4
282,2
281,4
281,1
280,3
280,1
279,3
279,0
278,3
278,0
277,2
277,0
276,2
275,4
275,1
274,4
274,1
273,3
273,1
272,3
272,0
271,2
271,0
270,4
270,1
269,4
269,1
268,3
268,0
267,3
267,0
266,3
266,1
265,4
265,1
264,3
264,1
263,3
263,0
262,4
262,1
261,4
261,2
260,4
260,1
259,3
259,1
258,3
258,0
257,2
256,7
256,4
256,1
255,6
255,3
255,0
254,5
254,2
253,6
253,3
253,1
252,5
252,2
252,0
251,4
251,1
250,4
250,1
249,6
249,3
249,1
248,3
248,0
247,3
247,0
246,6
246,3
246,1
245,3
245,0
244,4
244,1
243,4
243,1
242,5
242,2
241,4
241,2
240,9
240,6
240,3
240,1
239,4
239,1
238,5
238,2
237,6
237,4
237,1
236,4
236,1
235,6
235,3
235,0
234,4
234,1
233,5
233,2
233,0
232,3
232,0
231,5
231,2
230,5
230,2
230,0
229,3
229,0
228,5
228,2
227,5
227,3
227,0
226,3
226,0
225,5
225,2
224,6
224,4
224,1
223,4
223,1
222,3
222,0
221,3
221,1
220,7
220,4
220,1
219,6
219,3
219,0
218,4
218,1
217,6
217,3
217,1
216,4
216,1
215,5
215,2
214,5
214,3
214,0
213,3
213,0
212,5
212,2
211,6
211,4
211,1
210,5
210,2
210,0
209,3
209,0
208,6
208,3
208,0
207,6
207,4
207,1
206,6
206,4
206,1
205,4
205,2
204,7
204,4
204,1
203,4
203,1
202,4
202,2
201,4
201,1
200,5
200,3
200,0
199,4
199,2
198,4
198,1
197,5
197,3
197,0
196,2
196,0
195,4
195,1
194,6
194,3
194,0
193,4
193,2
192,4
192,1
191,5
191,2
190,4
190,1
189,7
189,4
189,1
188,6
188,3
188,0
187,5
187,3
187,0
186,2
186,0
185,4
185,1
184,5
184,3
184,0
183,2
183,0
182,4
182,1
181,7
181,4
181,1
180,4
180,2
179,5
179,2
179,0
178,5
178,2
177,5
177,3
177,0
176,3
176,1
175,5
175,2
174,5
174,3
174,0
173,5
173,3
173,0
172,1
171,3
171,0
170,5
170,2
170,0
169,2
168,5
168,3
168,0
167,7
167,4
167,2
166,5
166,2
166,0
165,5
165,2
164,14
164,12
164,9
164,6
164,4
164,1
163,3
163,0
162,4
162,1
161,5
161,3
161,0
160,4
160,2
159,4
159,1
158,3
158,1
157,2
156,5
156,3
156,0
155,1
154,5
154,3
154,0
153,3
153,1
152,40
152,37
152,34
152,32
152,29
152,26
152,24
152,21
152,18
152,16
152,13
152,10
152,7
152,5
152,2
151,3
151,1
150,3
150,0
149,3
149,1
148,5
148,2
148,0
147,3
147,0
146,3
146,1
145,2
144,5
144,3
144,0
143,3
143,0
142,3
142,0
141,3
141,1
140,5
140,2
140,0
139,2
138,5
138,2
138,0
137,4
137,1
136,5
136,2
135,5
135,2
135,0
134,5
134,2
134,0
133,2
132,7
132,4
132,2
131,5
131,2
131,0
130,1
129,6
129,4
129,1
128,3
128,0
127,11
127,8
127,5
127,3
127,0
126,9
126,6
126,4
126,1
125,8
125,6
125,3
125,0
124,7
124,5
124,2
123,9
123,7
123,4
123,1
122,12
122,9
122,6
122,3
122,1
121,4
121,1
120,6
120,3
120,0
119,5
119,3
119,0
118,3
118,1
117,3
117,0
116,2
116,0
115,2
114,6
114,4
114,1
113,3
113,0
112,3
112,0
111,1
110,3
110,0
109,2
109,0
108,2
107,4
107,1
106,5
106,2
105,3
105,1
104,3
104,0
103,2
103,0
102,2
101,4
101,2
100,6
100,3
100,0
99,6
99,3
99,0
98,3
98,0
97,2
97,0
96,2
95,6
95,3
95,1
94,5
94,2
94,0
93,3
93,0
92,4
92,2
91,7
91,4
91,2
90,7
90,4
90,1
89,4
89,1
88,2
88,0
87,1
86,4
86,1
85,6
85,3
85,0
84,41
84,38
84,35
84,33
84,30
84,27
84,24
84,22
84,19
84,16
84,14
84,11
84,8
84,5
84,3
84,0
83,8
83,6
83,3
83,0
82,4
82,2
81,6
81,3
81,1
80,5
80,2
80,0
79,4
79,1
78,10
78,8
78,5
78,2
78,0
77,1
76,5
76,2
76,0
75,3
75,0
74,9
74,6
74,3
74,0
73,6
73,3
73,0
72,6
72,3
72,0
71,5
71,3
71,0
70,4
70,2
69,6
69,3
69,1
68,5
68,2
67,9
67,7
67,4
67,1
66,5
66,2
65,4
65,1
64,6
64,3
64,0
63,4
63,1
62,17
62,14
62,12
62,9
62,6
62,4
62,1
61,7
61,5
61,2
60,4
60,1
59,4
59,1
58,5
58,3
58,0
57,4
57,1
56,6
56,3
56,0
55,4
55,1
54,5
54,2
54,0
53,3
53,0
52,4
52,1
51,6
51,4
51,1
50,5
50,2
50,0
49,5
49,2
49,0
48,4
48,1
47,3
47,1
46,2
45,8
45,6
45,3
45,0
44,2
44,0
43,13
43,10
43,8
43,5
43,2
42,5
42,3
42,0
41,3
41,1
40,4
40,1
39,4
39,1
38,3
38,0
37,4
37,1
36,8
36,6
36,3
36,0
35,5
35,3
35,0
34,4
34,2
33,7
33,4
33,1
32,8
32,5
32,2
32,0
31,2
30,6
30,4
30,1
29,3
29,0
28,7
28,4
28,1
27,25
27,22
27,19
27,16
27,14
27,11
27,8
27,6
27,3
27,0
26,30
26,28
26,25
26,22
26,20
26,17
26,14
26,11
26,9
26,6
26,3
26,1
25,25
25,22
25,20
25,17
25,14
25,11
25,9
25,6
25,3
25,1
24,8
24,5
24,2
24,0
4,1
3,5
3,3
3,0
2,130
2,127
2,125
2,122
2,119
2,117
2,114
2,111
2,109
2,106
2,103
2,100
2,98
2,95
2,92
2,90
2,87
2,84
2,81
2,79
2,76
2,73
2,71
2,68
2,65
2,34
2,32
2,29
2,26
2,24
2,21
2,18
0,379
0,277
0,361
0,276
0,324
0,275
0,487
0,274
0,498
0,273
0,355
0,272
0,485
0,271
0,438
0,270
0,329
0,269
0,382
0,268
0,509
0,267
0,474
0,266
0,437
0,265
0,407
0,264
0,436
0,263
0,427
0,262
0,481
0,261
0,260
0,362
0,259
0,421
0,258
0,376
0,257
0,432
0,256
0,326
0,255
0,351
0,254
0,418
0,253
0,349
0,252
0,480
0,251
0,467
0,250
0,249
0,248
0,489
0,247
0,319
0,246
0,486
0,245
0,397
0,244
0,484
0,242
0,388
0,241
0,352
0,240
0,483
0,239
0,482
0,238
0,392
0,237
0,236
0,406
0,235
0,476
0,234
0,424
0,233
0,358
0,232
0,231
0,415
0,230
0,387
0,229
0,316
0,228
0,416
0,227
0,471
0,226
0,475
0,225
0,224
0,441
0,223
0,394
0,222
0,423
0,221
0,434
0,220
0,372
0,219
0,496
0,218
0,414
0,217
0,493
0,216
0,404
0,215
0,501
0,214
0,425
0,213
0,212
0,470
0,211
0,367
0,210
0,314
0,209
0,413
0,208
0,318
0,207
0,420
0,206
0,385
0,205
0,312
0,204
0,490
0,203
0,508
0,202
0,338
0,201
0,311
0,200
0,429
0,199
0,321
0,198
0,306
0,197
0,398
0,196
0,301
0,195
0,345
0,194
0,193
0,381
0,192
0,426
0,63
0,468
0,62
0,495
0,61
0,419
0,60
0,511
0,59
0,405
0,58
0,57
0,334
0,56
0,364
0,55
0,350
0,54
0,389
0,53
0,510
0,52
0,440
0,51
0,390
0,50
0,507
0,49
0,48
0,439
0,47
0,384
0,46
0,333
0,45
0,332
0,6
0,5
0,1
0,430
0,11
0,4
0,2
0,3
0,7
